*010   4 353.9  0.28    99 231.2  0.27    59  25   1760 k 2500xi

*010   4 352.7  0.28    98 231.2  0.27    58  25   1760 f 2500xi

*020   4 349.8  0.24    83 230.3  0.27    53  25    922 N 2500xi

*020   4 357.7  0.23    82 231.2  0.27    51  25    922 H 2500xi

*030   5 263.4  0.15    48 230.4  0.10    45  26   1925 W 3501xi

*030   5 263.4  0.15    48 230.4  0.10    45  26   1925 W 3501xi

*030   5 242.9  0.14    40 230.4  0.27    38  26   1925 Z 3501xi

*030   5 242.9  0.14    40 230.4  0.27    38  26   1925 Z 3501xi

*030   5 242.9  0.14    40 230.4  0.27    38  26   1925 Z 3501xi

*030   5 178.2  0.15    30 230.4  0.21    29  26   1925 U 3501xi

*030   5 172.1  0.10    22 230.4  0.05    20  26   1925 C 3501xi

*030   5 172.1  0.10    22 230.4  0.05    20  26   1925 C 3501xi

*030   5 172.1  0.10    22 230.4  0.05    20  26   1925 C 3501xi

*030   5 172.1  0.10    22 230.4  0.05    20  26   1925 C 3501xi

